(kicad_pcb (version 20171130) (host pcbnew "(5.1.0)-1")

  (general
    (thickness 1.6)
    (drawings 42)
    (tracks 2973)
    (zones 0)
    (modules 275)
    (nets 183)
  )

  (page A4)
  (layers
    (0 F.Cu signal)
    (31 B.Cu signal)
    (32 B.Adhes user hide)
    (33 F.Adhes user hide)
    (34 B.Paste user)
    (35 F.Paste user)
    (36 B.SilkS user)
    (37 F.SilkS user)
    (38 B.Mask user hide)
    (39 F.Mask user hide)
    (40 Dwgs.User user)
    (41 Cmts.User user hide)
    (42 Eco1.User user hide)
    (43 Eco2.User user)
    (44 Edge.Cuts user)
    (45 Margin user hide)
    (46 B.CrtYd user hide)
    (47 F.CrtYd user hide)
    (48 B.Fab user)
    (49 F.Fab user)
  )

  (setup
    (last_trace_width 0.15)
    (trace_clearance 0.15)
    (zone_clearance 0.508)
    (zone_45_only no)
    (trace_min 0.15)
    (via_size 0.7)
    (via_drill 0.4)
    (via_min_size 0.4)
    (via_min_drill 0.3)
    (uvia_size 0.3)
    (uvia_drill 0.1)
    (uvias_allowed no)
    (uvia_min_size 0.2)
    (uvia_min_drill 0.1)
    (edge_width 0.05)
    (segment_width 0.2)
    (pcb_text_width 0.3)
    (pcb_text_size 1.5 1.5)
    (mod_edge_width 0.12)
    (mod_text_size 1 1)
    (mod_text_width 0.15)
    (pad_size 1.524 1.524)
    (pad_drill 0.762)
    (pad_to_mask_clearance 0.051)
    (solder_mask_min_width 0.25)
    (aux_axis_origin 0 0)
    (visible_elements 7FFFFFFF)
    (pcbplotparams
      (layerselection 0x010fc_ffffffff)
      (usegerberextensions false)
      (usegerberattributes false)
      (usegerberadvancedattributes false)
      (creategerberjobfile false)
      (excludeedgelayer false)
      (linewidth 0.150000)
      (plotframeref false)
      (viasonmask false)
      (mode 1)
      (useauxorigin false)
      (hpglpennumber 1)
      (hpglpenspeed 20)
      (hpglpendiameter 15.000000)
      (psnegative false)
      (psa4output false)
      (plotreference true)
      (plotvalue true)
      (plotinvisibletext false)
      (padsonsilk false)
      (subtractmaskfromsilk false)
      (outputformat 1)
      (mirror false)
      (drillshape 0)
      (scaleselection 1)
      (outputdirectory "gerber_RevA"))
  )

  (net 0 "")
  (net 1 +5V)
  (net 2 GND)
  (net 3 +5VA)
  (net 4 +12V)
  (net 5 -12V)
  (net 6 "Net-(C210-Pad1)")
  (net 7 "Net-(C306-Pad1)")
  (net 8 "Net-(J401-PadT)")
  (net 9 "Net-(R405-Pad2)")
  (net 10 "Net-(R413-Pad2)")
  (net 11 "Net-(D401-Pad2)")
  (net 12 "Net-(C411-Pad2)")
  (net 13 "Net-(C206-Pad2)")
  (net 14 "Net-(C207-Pad1)")
  (net 15 DACA)
  (net 16 "Net-(C209-Pad2)")
  (net 17 DACB)
  (net 18 PWM12)
  (net 19 "Net-(C305-Pad1)")
  (net 20 32_reset)
  (net 21 "Net-(C307-Pad2)")
  (net 22 "Net-(C406-Pad1)")
  (net 23 "Net-(C406-Pad2)")
  (net 24 "Net-(C407-Pad1)")
  (net 25 "Net-(C408-Pad1)")
  (net 26 PWM_PA8)
  (net 27 "Net-(C412-Pad2)")
  (net 28 "Net-(C412-Pad1)")
  (net 29 "Net-(C413-Pad1)")
  (net 30 "Net-(C414-Pad1)")
  (net 31 PWM_PA9)
  (net 32 "Net-(C501-Pad1)")
  (net 33 +3V3)
  (net 34 +3.3VA)
  (net 35 "Net-(C507-Pad1)")
  (net 36 "Net-(D301-Pad2)")
  (net 37 STM32_CV1)
  (net 38 STM32_CV2)
  (net 39 STM32_IN1)
  (net 40 STM32_IN2)
  (net 41 "Net-(D501-Pad2)")
  (net 42 "Net-(J201-PadT)")
  (net 43 "Net-(J201-PadTN)")
  (net 44 OUT1)
  (net 45 OUT2)
  (net 46 "Net-(J205-PadTN)")
  (net 47 "Net-(J205-PadT)")
  (net 48 32_6_MISO)
  (net 49 32_7_SCK)
  (net 50 32_5_MOSI)
  (net 51 32_9_Tx)
  (net 52 32_8_Rx)
  (net 53 "Net-(J401-PadTN)")
  (net 54 STM32_OUT1)
  (net 55 STM32_OUT2)
  (net 56 STM32_OUT3)
  (net 57 STM32_OUT4)
  (net 58 "Net-(J407-PadTN)")
  (net 59 "Net-(J407-PadT)")
  (net 60 boot_0)
  (net 61 "Net-(J501-Pad3)")
  (net 62 /KicadJE_STM32F0/STM32F103C8/STM32_SWDIO_PA13)
  (net 63 /KicadJE_STM32F0/STM32F103C8/STM32_SWCLK_PA14)
  (net 64 "Net-(J503-Pad1)")
  (net 65 "Net-(J503-Pad2)")
  (net 66 "Net-(J503-Pad3)")
  (net 67 32_4_SS_PWM)
  (net 68 /KicadJE_STM32F0/STM32F103C8/STM32_PB12)
  (net 69 /KicadJE_STM32F0/STM32F103C8/STM32_PB13)
  (net 70 /KicadJE_STM32F0/STM32F103C8/STM32_PB15)
  (net 71 "Net-(JP403-Pad1)")
  (net 72 "Net-(R201-Pad1)")
  (net 73 CV1)
  (net 74 "Net-(R202-Pad1)")
  (net 75 CV2)
  (net 76 IN1)
  (net 77 IN2)
  (net 78 /KicadJE_ATMega32A_DAC/ATMega32A.sch/18)
  (net 79 /KicadJE_ATMega32A_DAC/ATMega32A.sch/19)
  (net 80 32_12_PWM)
  (net 81 /KicadJE_ATMega32A_DAC/ATMega32A.sch/20)
  (net 82 /KicadJE_ATMega32A_DAC/ATMega32A.sch/21)
  (net 83 /KicadJE_ATMega32A_DAC/ATMega32A.sch/22)
  (net 84 /KicadJE_ATMega32A_DAC/ATMega32A.sch/23)
  (net 85 "Net-(R401-Pad1)")
  (net 86 "Net-(R402-Pad1)")
  (net 87 "Net-(R403-Pad2)")
  (net 88 "Net-(R410-Pad2)")
  (net 89 "Net-(R412-Pad2)")
  (net 90 "Net-(R415-Pad2)")
  (net 91 "Net-(R422-Pad2)")
  (net 92 "Net-(R424-Pad2)")
  (net 93 /KicadJE_STM32F0/STM32F103C8/STM32_PC14)
  (net 94 "Net-(R427-Pad2)")
  (net 95 "Net-(R428-Pad2)")
  (net 96 /KicadJE_STM32F0/STM32F103C8/STM32_PC15)
  (net 97 /KicadJE_STM32F0/STM32F103C8/STM32_Boot0)
  (net 98 /KicadJE_STM32F0/STM32F103C8/STM32_LED_PC13)
  (net 99 /KicadJE_STM32F0/STM32F103C8/STM32_USB_P_PA12)
  (net 100 /KicadJE_STM32F0/STM32F103C8/STM32_USB_N_PA11)
  (net 101 Wave)
  (net 102 Duty)
  (net 103 STM32_Wave)
  (net 104 STM32_Duty)
  (net 105 32_15_PWM)
  (net 106 32_1)
  (net 107 32_2_INT2)
  (net 108 /KicadJE_STM32F0/STM32F103C8/STM32_PWM_PA9)
  (net 109 /KicadJE_STM32F0/STM32F103C8/STM32_PWM_PA10)
  (net 110 PB2_R2)
  (net 111 PB6_SCL1)
  (net 112 PB7_SDA1)
  (net 113 "Net-(JP404-Pad1)")
  (net 114 "Net-(JP405-Pad1)")
  (net 115 STM_DACA)
  (net 116 STM_DACB)
  (net 117 "Net-(D502-Pad2)")
  (net 118 "Net-(C405-Pad1)")
  (net 119 "Net-(C405-Pad2)")
  (net 120 "Net-(C411-Pad1)")
  (net 121 /KicadJE_ATMega32A_DAC/1_out)
  (net 122 /KicadJE_ATMega32A_DAC/2_out)
  (net 123 /KicadJE_ATMega32A_DAC/1_inv)
  (net 124 /KicadJE_ATMega32A_DAC/1_noninv)
  (net 125 /KicadJE_ATMega32A_DAC/2_inv)
  (net 126 /KicadJE_ATMega32A_DAC/2_noninv)
  (net 127 /KicadJE_ATMega32A_DAC/SS)
  (net 128 /KicadJE_ATMega32A_DAC/SDI)
  (net 129 /KicadJE_ATMega32A_DAC/SCK)
  (net 130 R0_18)
  (net 131 C0_22)
  (net 132 C1_23)
  (net 133 C2_0)
  (net 134 R1_19)
  (net 135 R2_20)
  (net 136 R3_21)
  (net 137 /KicadJE_STM32F0/STM32F103C8/STM32_SCL1_PWM_PB8)
  (net 138 PB9_PWM)
  (net 139 PWM15)
  (net 140 32_0_LED)
  (net 141 "Net-(C603-Pad1)")
  (net 142 "Net-(C606-Pad1)")
  (net 143 "Net-(C608-Pad1)")
  (net 144 "Net-(C609-Pad2)")
  (net 145 "Net-(C609-Pad1)")
  (net 146 "Net-(C610-Pad2)")
  (net 147 "Net-(C610-Pad1)")
  (net 148 "Net-(C611-Pad1)")
  (net 149 "Net-(C611-Pad2)")
  (net 150 555_Sync)
  (net 151 555_PWM)
  (net 152 "Net-(D607-Pad2)")
  (net 153 "Net-(D609-Pad2)")
  (net 154 555_CV)
  (net 155 555_Ramp)
  (net 156 555_Tri)
  (net 157 555_Pulse)
  (net 158 "Net-(Q601-Pad3)")
  (net 159 "Net-(R606-Pad2)")
  (net 160 555_Out)
  (net 161 "Net-(R608-Pad1)")
  (net 162 555_In)
  (net 163 555_Dis)
  (net 164 /TH_555_VCO1/out603_1)
  (net 165 VCO_Control)
  (net 166 555_FM)
  (net 167 "Net-(R620-Pad1)")
  (net 168 "Net-(R622-Pad2)")
  (net 169 "Net-(R625-Pad1)")
  (net 170 555_Tri_Direct)
  (net 171 "Net-(R631-Pad1)")
  (net 172 "Net-(R632-Pad1)")
  (net 173 "Net-(R635-Pad1)")
  (net 174 "Net-(R637-Pad2)")
  (net 175 "Net-(D611-Pad2)")
  (net 176 /TH_555_VCO1/602invB)
  (net 177 /TH_555_VCO1/602invD)
  (net 178 /TH_555_VCO1/603invD)
  (net 179 602_Out_D)
  (net 180 /TH_555_VCO1/603invA)
  (net 181 /TH_555_VCO1/603invB)
  (net 182 /TH_555_VCO1/602invA)

  (net_class Default "This is the default net class."
    (clearance 0.15)
    (trace_width 0.15)
    (via_dia 0.7)
    (via_drill 0.4)
    (uvia_dia 0.3)
    (uvia_drill 0.1)
    (add_net /KicadJE_ATMega32A_DAC/1_inv)
    (add_net /KicadJE_ATMega32A_DAC/1_noninv)
    (add_net /KicadJE_ATMega32A_DAC/1_out)
    (add_net /KicadJE_ATMega32A_DAC/2_inv)
    (add_net /KicadJE_ATMega32A_DAC/2_noninv)
    (add_net /KicadJE_ATMega32A_DAC/2_out)
    (add_net /KicadJE_ATMega32A_DAC/ATMega32A.sch/18)
    (add_net /KicadJE_ATMega32A_DAC/ATMega32A.sch/19)
    (add_net /KicadJE_ATMega32A_DAC/ATMega32A.sch/20)
    (add_net /KicadJE_ATMega32A_DAC/ATMega32A.sch/21)
    (add_net /KicadJE_ATMega32A_DAC/ATMega32A.sch/22)
    (add_net /KicadJE_ATMega32A_DAC/ATMega32A.sch/23)
    (add_net /KicadJE_ATMega32A_DAC/SCK)
    (add_net /KicadJE_ATMega32A_DAC/SDI)
    (add_net /KicadJE_ATMega32A_DAC/SS)
    (add_net /KicadJE_STM32F0/STM32F103C8/STM32_Boot0)
    (add_net /KicadJE_STM32F0/STM32F103C8/STM32_LED_PC13)
    (add_net /KicadJE_STM32F0/STM32F103C8/STM32_PB12)
    (add_net /KicadJE_STM32F0/STM32F103C8/STM32_PB13)
    (add_net /KicadJE_STM32F0/STM32F103C8/STM32_PB15)
    (add_net /KicadJE_STM32F0/STM32F103C8/STM32_PC14)
    (add_net /KicadJE_STM32F0/STM32F103C8/STM32_PC15)
    (add_net /KicadJE_STM32F0/STM32F103C8/STM32_PWM_PA10)
    (add_net /KicadJE_STM32F0/STM32F103C8/STM32_PWM_PA9)
    (add_net /KicadJE_STM32F0/STM32F103C8/STM32_SCL1_PWM_PB8)
    (add_net /KicadJE_STM32F0/STM32F103C8/STM32_SWCLK_PA14)
    (add_net /KicadJE_STM32F0/STM32F103C8/STM32_SWDIO_PA13)
    (add_net /KicadJE_STM32F0/STM32F103C8/STM32_USB_N_PA11)
    (add_net /KicadJE_STM32F0/STM32F103C8/STM32_USB_P_PA12)
    (add_net /TH_555_VCO1/602invA)
    (add_net /TH_555_VCO1/602invB)
    (add_net /TH_555_VCO1/602invD)
    (add_net /TH_555_VCO1/603invA)
    (add_net /TH_555_VCO1/603invB)
    (add_net /TH_555_VCO1/603invD)
    (add_net /TH_555_VCO1/out603_1)
    (add_net 32_0_LED)
    (add_net 32_1)
    (add_net 32_12_PWM)
    (add_net 32_15_PWM)
    (add_net 32_2_INT2)
    (add_net 32_4_SS_PWM)
    (add_net 32_5_MOSI)
    (add_net 32_6_MISO)
    (add_net 32_7_SCK)
    (add_net 32_8_Rx)
    (add_net 32_9_Tx)
    (add_net 32_reset)
    (add_net 555_CV)
    (add_net 555_Dis)
    (add_net 555_FM)
    (add_net 555_In)
    (add_net 555_Out)
    (add_net 555_PWM)
    (add_net 555_Pulse)
    (add_net 555_Ramp)
    (add_net 555_Sync)
    (add_net 555_Tri)
    (add_net 555_Tri_Direct)
    (add_net 602_Out_D)
    (add_net C0_22)
    (add_net C1_23)
    (add_net C2_0)
    (add_net CV1)
    (add_net CV2)
    (add_net DACA)
    (add_net DACB)
    (add_net Duty)
    (add_net IN1)
    (add_net IN2)
    (add_net "Net-(C206-Pad2)")
    (add_net "Net-(C207-Pad1)")
    (add_net "Net-(C209-Pad2)")
    (add_net "Net-(C210-Pad1)")
    (add_net "Net-(C305-Pad1)")
    (add_net "Net-(C306-Pad1)")
    (add_net "Net-(C307-Pad2)")
    (add_net "Net-(C405-Pad1)")
    (add_net "Net-(C405-Pad2)")
    (add_net "Net-(C406-Pad1)")
    (add_net "Net-(C406-Pad2)")
    (add_net "Net-(C407-Pad1)")
    (add_net "Net-(C408-Pad1)")
    (add_net "Net-(C411-Pad1)")
    (add_net "Net-(C411-Pad2)")
    (add_net "Net-(C412-Pad1)")
    (add_net "Net-(C412-Pad2)")
    (add_net "Net-(C413-Pad1)")
    (add_net "Net-(C414-Pad1)")
    (add_net "Net-(C501-Pad1)")
    (add_net "Net-(C507-Pad1)")
    (add_net "Net-(C603-Pad1)")
    (add_net "Net-(C606-Pad1)")
    (add_net "Net-(C608-Pad1)")
    (add_net "Net-(C609-Pad1)")
    (add_net "Net-(C609-Pad2)")
    (add_net "Net-(C610-Pad1)")
    (add_net "Net-(C610-Pad2)")
    (add_net "Net-(C611-Pad1)")
    (add_net "Net-(C611-Pad2)")
    (add_net "Net-(D301-Pad2)")
    (add_net "Net-(D401-Pad2)")
    (add_net "Net-(D501-Pad2)")
    (add_net "Net-(D502-Pad2)")
    (add_net "Net-(D607-Pad2)")
    (add_net "Net-(D609-Pad2)")
    (add_net "Net-(D611-Pad2)")
    (add_net "Net-(J201-PadT)")
    (add_net "Net-(J201-PadTN)")
    (add_net "Net-(J205-PadT)")
    (add_net "Net-(J205-PadTN)")
    (add_net "Net-(J401-PadT)")
    (add_net "Net-(J401-PadTN)")
    (add_net "Net-(J407-PadT)")
    (add_net "Net-(J407-PadTN)")
    (add_net "Net-(J501-Pad3)")
    (add_net "Net-(J503-Pad1)")
    (add_net "Net-(J503-Pad2)")
    (add_net "Net-(J503-Pad3)")
    (add_net "Net-(JP403-Pad1)")
    (add_net "Net-(JP404-Pad1)")
    (add_net "Net-(JP405-Pad1)")
    (add_net "Net-(Q601-Pad3)")
    (add_net "Net-(R201-Pad1)")
    (add_net "Net-(R202-Pad1)")
    (add_net "Net-(R401-Pad1)")
    (add_net "Net-(R402-Pad1)")
    (add_net "Net-(R403-Pad2)")
    (add_net "Net-(R405-Pad2)")
    (add_net "Net-(R410-Pad2)")
    (add_net "Net-(R412-Pad2)")
    (add_net "Net-(R413-Pad2)")
    (add_net "Net-(R415-Pad2)")
    (add_net "Net-(R422-Pad2)")
    (add_net "Net-(R424-Pad2)")
    (add_net "Net-(R427-Pad2)")
    (add_net "Net-(R428-Pad2)")
    (add_net "Net-(R606-Pad2)")
    (add_net "Net-(R608-Pad1)")
    (add_net "Net-(R620-Pad1)")
    (add_net "Net-(R622-Pad2)")
    (add_net "Net-(R625-Pad1)")
    (add_net "Net-(R631-Pad1)")
    (add_net "Net-(R632-Pad1)")
    (add_net "Net-(R635-Pad1)")
    (add_net "Net-(R637-Pad2)")
    (add_net OUT1)
    (add_net OUT2)
    (add_net PB2_R2)
    (add_net PB6_SCL1)
    (add_net PB7_SDA1)
    (add_net PB9_PWM)
    (add_net PWM12)
    (add_net PWM15)
    (add_net PWM_PA8)
    (add_net PWM_PA9)
    (add_net R0_18)
    (add_net R1_19)
    (add_net R2_20)
    (add_net R3_21)
    (add_net STM32_CV1)
    (add_net STM32_CV2)
    (add_net STM32_Duty)
    (add_net STM32_IN1)
    (add_net STM32_IN2)
    (add_net STM32_OUT1)
    (add_net STM32_OUT2)
    (add_net STM32_OUT3)
    (add_net STM32_OUT4)
    (add_net STM32_Wave)
    (add_net STM_DACA)
    (add_net STM_DACB)
    (add_net VCO_Control)
    (add_net Wave)
    (add_net boot_0)
  )

  (net_class Power ""
    (clearance 0.2)
    (trace_width 0.4)
    (via_dia 0.8)
    (via_drill 0.4)
    (uvia_dia 0.3)
    (uvia_drill 0.1)
    (add_net +12V)
    (add_net +3.3VA)
    (add_net +3V3)
    (add_net +5V)
    (add_net +5VA)
    (add_net -12V)
    (add_net GND)
  )

  (module Capacitor_SMD:C_0805_2012Metric_Pad1.15x1.40mm_HandSolder (layer B.Cu) (tedit 5B36C52B) (tstamp 5CE471BD)
    (at 134 105 90)
    (descr "Capacitor SMD 0805 (2012 Metric), square (rectangular) end terminal, IPC_7351 nominal with elongated pad for handsoldering. (Body size source: https://docs.google.com/spreadsheets/d/1BsfQQcO9C6DZCsRaXUlFlo91Tg2WpOkGARC1WS5S8t0/edit?usp=sharing), generated with kicad-footprint-generator")
    (tags "capacitor handsolder")
    (path /5CE3E7A9/5CD3F059/5CD5761D)
    (attr smd)
    (fp_text reference C304 (at 3.75 0 90) (layer B.SilkS)
      (effects (font (size 1 1) (thickness 0.15)) (justify mirror))
    )
    (fp_text value 100n (at 3.5 -1 90) (layer B.Fab)
      (effects (font (size 1 1) (thickness 0.15)) (justify mirror))
    )
    (fp_text user %R (at 0 0 90) (layer B.Fab)
      (effects (font (size 0.5 0.5) (thickness 0.08)) (justify mirror))
    )
    (fp_line (start 1.85 -0.95) (end -1.85 -0.95) (layer B.CrtYd) (width 0.05))
    (fp_line (start 1.85 0.95) (end 1.85 -0.95) (layer B.CrtYd) (width 0.05))
    (fp_line (start -1.85 0.95) (end 1.85 0.95) (layer B.CrtYd) (width 0.05))
    (fp_line (start -1.85 -0.95) (end -1.85 0.95) (layer B.CrtYd) (width 0.05))
    (fp_line (start -0.261252 -0.71) (end 0.261252 -0.71) (layer B.SilkS) (width 0.12))
    (fp_line (start -0.261252 0.71) (end 0.261252 0.71) (layer B.SilkS) (width 0.12))
    (fp_line (start 1 -0.6) (end -1 -0.6) (layer B.Fab) (width 0.1))
    (fp_line (start 1 0.6) (end 1 -0.6) (layer B.Fab) (width 0.1))
    (fp_line (start -1 0.6) (end 1 0.6) (layer B.Fab) (width 0.1))
    (fp_line (start -1 -0.6) (end -1 0.6) (layer B.Fab) (width 0.1))
    (pad 2 smd roundrect (at 1.025 0 90) (size 1.15 1.4) (layers B.Cu B.Paste B.Mask) (roundrect_rratio 0.217391)
      (net 3 +5VA))
    (pad 1 smd roundrect (at -1.025 0 90) (size 1.15 1.4) (layers B.Cu B.Paste B.Mask) (roundrect_rratio 0.217391)
      (net 2 GND))
    (model ${KISYS3DMOD}/Capacitor_SMD.3dshapes/C_0805_2012Metric.wrl
      (at (xyz 0 0 0))
      (scale (xyz 1 1 1))
      (rotate (xyz 0 0 0))
    )
  )

  (module Capacitor_SMD:C_1206_3216Metric_Pad1.42x1.75mm_HandSolder (layer F.Cu) (tedit 5B301BBE) (tstamp 5CE470BE)
    (at 133.5 75.5 90)
    (descr "Capacitor SMD 1206 (3216 Metric), square (rectangular) end terminal, IPC_7351 nominal with elongated pad for handsoldering. (Body size source: http://www.tortai-tech.com/upload/download/2011102023233369053.pdf), generated with kicad-footprint-generator")
    (tags "capacitor handsolder")
    (path /5CE3E7A9/5CE712B9)
    (attr smd)
    (fp_text reference C201 (at 0 -1.82 90) (layer F.SilkS)
      (effects (font (size 1 1) (thickness 0.15)))
    )
    (fp_text value 1u (at 0 1.82 90) (layer F.Fab)
      (effects (font (size 1 1) (thickness 0.15)))
    )
    (fp_text user %R (at 0 0 90) (layer F.Fab)
      (effects (font (size 0.8 0.8) (thickness 0.12)))
    )
    (fp_line (start 2.45 1.12) (end -2.45 1.12) (layer F.CrtYd) (width 0.05))
    (fp_line (start 2.45 -1.12) (end 2.45 1.12) (layer F.CrtYd) (width 0.05))
    (fp_line (start -2.45 -1.12) (end 2.45 -1.12) (layer F.CrtYd) (width 0.05))
    (fp_line (start -2.45 1.12) (end -2.45 -1.12) (layer F.CrtYd) (width 0.05))
    (fp_line (start -0.602064 0.91) (end 0.602064 0.91) (layer F.SilkS) (width 0.12))
    (fp_line (start -0.602064 -0.91) (end 0.602064 -0.91) (layer F.SilkS) (width 0.12))
    (fp_line (start 1.6 0.8) (end -1.6 0.8) (layer F.Fab) (width 0.1))
    (fp_line (start 1.6 -0.8) (end 1.6 0.8) (layer F.Fab) (width 0.1))
    (fp_line (start -1.6 -0.8) (end 1.6 -0.8) (layer F.Fab) (width 0.1))
    (fp_line (start -1.6 0.8) (end -1.6 -0.8) (layer F.Fab) (width 0.1))
    (pad 2 smd roundrect (at 1.4875 0 90) (size 1.425 1.75) (layers F.Cu F.Paste F.Mask) (roundrect_rratio 0.175439)
      (net 4 +12V))
    (pad 1 smd roundrect (at -1.4875 0 90) (size 1.425 1.75) (layers F.Cu F.Paste F.Mask) (roundrect_rratio 0.175439)
      (net 2 GND))
    (model ${KISYS3DMOD}/Capacitor_SMD.3dshapes/C_1206_3216Metric.wrl
      (at (xyz 0 0 0))
      (scale (xyz 1 1 1))
      (rotate (xyz 0 0 0))
    )
  )

  (module Capacitor_SMD:C_0805_2012Metric_Pad1.15x1.40mm_HandSolder (layer B.Cu) (tedit 5B36C52B) (tstamp 5CE470CF)
    (at 141.2 135 270)
    (descr "Capacitor SMD 0805 (2012 Metric), square (rectangular) end terminal, IPC_7351 nominal with elongated pad for handsoldering. (Body size source: https://docs.google.com/spreadsheets/d/1BsfQQcO9C6DZCsRaXUlFlo91Tg2WpOkGARC1WS5S8t0/edit?usp=sharing), generated with kicad-footprint-generator")
    (tags "capacitor handsolder")
    (path /5CE3E7A9/5CE712B3)
    (attr smd)
    (fp_text reference C202 (at 0 1.65 270) (layer B.SilkS)
      (effects (font (size 1 1) (thickness 0.15)) (justify mirror))
    )
    (fp_text value 100n (at 0 -1.65 270) (layer B.Fab)
      (effects (font (size 1 1) (thickness 0.15)) (justify mirror))
    )
    (fp_text user %R (at 0 0 270) (layer B.Fab)
      (effects (font (size 0.5 0.5) (thickness 0.08)) (justify mirror))
    )
    (fp_line (start 1.85 -0.95) (end -1.85 -0.95) (layer B.CrtYd) (width 0.05))
    (fp_line (start 1.85 0.95) (end 1.85 -0.95) (layer B.CrtYd) (width 0.05))
    (fp_line (start -1.85 0.95) (end 1.85 0.95) (layer B.CrtYd) (width 0.05))
    (fp_line (start -1.85 -0.95) (end -1.85 0.95) (layer B.CrtYd) (width 0.05))
    (fp_line (start -0.261252 -0.71) (end 0.261252 -0.71) (layer B.SilkS) (width 0.12))
    (fp_line (start -0.261252 0.71) (end 0.261252 0.71) (layer B.SilkS) (width 0.12))
    (fp_line (start 1 -0.6) (end -1 -0.6) (layer B.Fab) (width 0.1))
    (fp_line (start 1 0.6) (end 1 -0.6) (layer B.Fab) (width 0.1))
    (fp_line (start -1 0.6) (end 1 0.6) (layer B.Fab) (width 0.1))
    (fp_line (start -1 -0.6) (end -1 0.6) (layer B.Fab) (width 0.1))
    (pad 2 smd roundrect (at 1.025 0 270) (size 1.15 1.4) (layers B.Cu B.Paste B.Mask) (roundrect_rratio 0.217391)
      (net 4 +12V))
    (pad 1 smd roundrect (at -1.025 0 270) (size 1.15 1.4) (layers B.Cu B.Paste B.Mask) (roundrect_rratio 0.217391)
      (net 2 GND))
    (model ${KISYS3DMOD}/Capacitor_SMD.3dshapes/C_0805_2012Metric.wrl
      (at (xyz 0 0 0))
      (scale (xyz 1 1 1))
      (rotate (xyz 0 0 0))
    )
  )

  (module Capacitor_SMD:C_0805_2012Metric_Pad1.15x1.40mm_HandSolder (layer B.Cu) (tedit 5B36C52B) (tstamp 5CE470E0)
    (at 138.25 118.75 180)
    (descr "Capacitor SMD 0805 (2012 Metric), square (rectangular) end terminal, IPC_7351 nominal with elongated pad for handsoldering. (Body size source: https://docs.google.com/spreadsheets/d/1BsfQQcO9C6DZCsRaXUlFlo91Tg2WpOkGARC1WS5S8t0/edit?usp=sharing), generated with kicad-footprint-generator")
    (tags "capacitor handsolder")
    (path /5CE3E7A9/5CF85A7E)
    (attr smd)
    (fp_text reference C203 (at -4 0 180) (layer B.SilkS)
      (effects (font (size 1 1) (thickness 0.15)) (justify mirror))
    )
    (fp_text value 100n (at 0 -1.65 180) (layer B.Fab)
      (effects (font (size 1 1) (thickness 0.15)) (justify mirror))
    )
    (fp_text user %R (at 0 0 180) (layer B.Fab)
      (effects (font (size 0.5 0.5) (thickness 0.08)) (justify mirror))
    )
    (fp_line (start 1.85 -0.95) (end -1.85 -0.95) (layer B.CrtYd) (width 0.05))
    (fp_line (start 1.85 0.95) (end 1.85 -0.95) (layer B.CrtYd) (width 0.05))
    (fp_line (start -1.85 0.95) (end 1.85 0.95) (layer B.CrtYd) (width 0.05))
    (fp_line (start -1.85 -0.95) (end -1.85 0.95) (layer B.CrtYd) (width 0.05))
    (fp_line (start -0.261252 -0.71) (end 0.261252 -0.71) (layer B.SilkS) (width 0.12))
    (fp_line (start -0.261252 0.71) (end 0.261252 0.71) (layer B.SilkS) (width 0.12))
    (fp_line (start 1 -0.6) (end -1 -0.6) (layer B.Fab) (width 0.1))
    (fp_line (start 1 0.6) (end 1 -0.6) (layer B.Fab) (width 0.1))
    (fp_line (start -1 0.6) (end 1 0.6) (layer B.Fab) (width 0.1))
    (fp_line (start -1 -0.6) (end -1 0.6) (layer B.Fab) (width 0.1))
    (pad 2 smd roundrect (at 1.025 0 180) (size 1.15 1.4) (layers B.Cu B.Paste B.Mask) (roundrect_rratio 0.217391)
      (net 3 +5VA))
    (pad 1 smd roundrect (at -1.025 0 180) (size 1.15 1.4) (layers B.Cu B.Paste B.Mask) (roundrect_rratio 0.217391)
      (net 2 GND))
    (model ${KISYS3DMOD}/Capacitor_SMD.3dshapes/C_0805_2012Metric.wrl
      (at (xyz 0 0 0))
      (scale (xyz 1 1 1))
      (rotate (xyz 0 0 0))
    )
  )

  (module Capacitor_SMD:C_0805_2012Metric_Pad1.15x1.40mm_HandSolder (layer B.Cu) (tedit 5B36C52B) (tstamp 5CE470F1)
    (at 137.2 135 270)
    (descr "Capacitor SMD 0805 (2012 Metric), square (rectangular) end terminal, IPC_7351 nominal with elongated pad for handsoldering. (Body size source: https://docs.google.com/spreadsheets/d/1BsfQQcO9C6DZCsRaXUlFlo91Tg2WpOkGARC1WS5S8t0/edit?usp=sharing), generated with kicad-footprint-generator")
    (tags "capacitor handsolder")
    (path /5CE3E7A9/5CE712D0)
    (attr smd)
    (fp_text reference C204 (at 0 1.65 270) (layer B.SilkS)
      (effects (font (size 1 1) (thickness 0.15)) (justify mirror))
    )
    (fp_text value 100n (at 0 -1.65 270) (layer B.Fab)
      (effects (font (size 1 1) (thickness 0.15)) (justify mirror))
    )
    (fp_line (start -1 -0.6) (end -1 0.6) (layer B.Fab) (width 0.1))
    (fp_line (start -1 0.6) (end 1 0.6) (layer B.Fab) (width 0.1))
    (fp_line (start 1 0.6) (end 1 -0.6) (layer B.Fab) (width 0.1))
    (fp_line (start 1 -0.6) (end -1 -0.6) (layer B.Fab) (width 0.1))
    (fp_line (start -0.261252 0.71) (end 0.261252 0.71) (layer B.SilkS) (width 0.12))
    (fp_line (start -0.261252 -0.71) (end 0.261252 -0.71) (layer B.SilkS) (width 0.12))
    (fp_line (start -1.85 -0.95) (end -1.85 0.95) (layer B.CrtYd) (width 0.05))
    (fp_line (start -1.85 0.95) (end 1.85 0.95) (layer B.CrtYd) (width 0.05))
    (fp_line (start 1.85 0.95) (end 1.85 -0.95) (layer B.CrtYd) (width 0.05))
    (fp_line (start 1.85 -0.95) (end -1.85 -0.95) (layer B.CrtYd) (width 0.05))
    (fp_text user %R (at 0 0 270) (layer B.Fab)
      (effects (font (size 0.5 0.5) (thickness 0.08)) (justify mirror))
    )
    (pad 1 smd roundrect (at -1.025 0 270) (size 1.15 1.4) (layers B.Cu B.Paste B.Mask) (roundrect_rratio 0.217391)
      (net 2 GND))
    (pad 2 smd roundrect (at 1.025 0 270) (size 1.15 1.4) (layers B.Cu B.Paste B.Mask) (roundrect_rratio 0.217391)
      (net 5 -12V))
    (model ${KISYS3DMOD}/Capacitor_SMD.3dshapes/C_0805_2012Metric.wrl
      (at (xyz 0 0 0))
      (scale (xyz 1 1 1))
      (rotate (xyz 0 0 0))
    )
  )

  (module Capacitor_SMD:C_1206_3216Metric_Pad1.42x1.75mm_HandSolder (layer F.Cu) (tedit 5B301BBE) (tstamp 5CE47102)
    (at 133.5 82.5 270)
    (descr "Capacitor SMD 1206 (3216 Metric), square (rectangular) end terminal, IPC_7351 nominal with elongated pad for handsoldering. (Body size source: http://www.tortai-tech.com/upload/download/2011102023233369053.pdf), generated with kicad-footprint-generator")
    (tags "capacitor handsolder")
    (path /5CE3E7A9/5CE712D6)
    (attr smd)
    (fp_text reference C205 (at 0 -1.82 270) (layer F.SilkS)
      (effects (font (size 1 1) (thickness 0.15)))
    )
    (fp_text value 1u (at 0 1.82 270) (layer F.Fab)
      (effects (font (size 1 1) (thickness 0.15)))
    )
    (fp_line (start -1.6 0.8) (end -1.6 -0.8) (layer F.Fab) (width 0.1))
    (fp_line (start -1.6 -0.8) (end 1.6 -0.8) (layer F.Fab) (width 0.1))
    (fp_line (start 1.6 -0.8) (end 1.6 0.8) (layer F.Fab) (width 0.1))
    (fp_line (start 1.6 0.8) (end -1.6 0.8) (layer F.Fab) (width 0.1))
    (fp_line (start -0.602064 -0.91) (end 0.602064 -0.91) (layer F.SilkS) (width 0.12))
    (fp_line (start -0.602064 0.91) (end 0.602064 0.91) (layer F.SilkS) (width 0.12))
    (fp_line (start -2.45 1.12) (end -2.45 -1.12) (layer F.CrtYd) (width 0.05))
    (fp_line (start -2.45 -1.12) (end 2.45 -1.12) (layer F.CrtYd) (width 0.05))
    (fp_line (start 2.45 -1.12) (end 2.45 1.12) (layer F.CrtYd) (width 0.05))
    (fp_line (start 2.45 1.12) (end -2.45 1.12) (layer F.CrtYd) (width 0.05))
    (fp_text user %R (at 0 0 270) (layer F.Fab)
      (effects (font (size 0.8 0.8) (thickness 0.12)))
    )
    (pad 1 smd roundrect (at -1.4875 0 270) (size 1.425 1.75) (layers F.Cu F.Paste F.Mask) (roundrect_rratio 0.175439)
      (net 2 GND))
    (pad 2 smd roundrect (at 1.4875 0 270) (size 1.425 1.75) (layers F.Cu F.Paste F.Mask) (roundrect_rratio 0.175439)
      (net 5 -12V))
    (model ${KISYS3DMOD}/Capacitor_SMD.3dshapes/C_1206_3216Metric.wrl
      (at (xyz 0 0 0))
      (scale (xyz 1 1 1))
      (rotate (xyz 0 0 0))
    )
  )

  (module Capacitor_SMD:C_0805_2012Metric_Pad1.15x1.40mm_HandSolder (layer B.Cu) (tedit 5B36C52B) (tstamp 5CE47113)
    (at 133.2 141 90)
    (descr "Capacitor SMD 0805 (2012 Metric), square (rectangular) end terminal, IPC_7351 nominal with elongated pad for handsoldering. (Body size source: https://docs.google.com/spreadsheets/d/1BsfQQcO9C6DZCsRaXUlFlo91Tg2WpOkGARC1WS5S8t0/edit?usp=sharing), generated with kicad-footprint-generator")
    (tags "capacitor handsolder")
    (path /5CE3E7A9/5D4DCC2E)
    (attr smd)
    (fp_text reference C206 (at -4 0 90) (layer B.SilkS)
      (effects (font (size 1 1) (thickness 0.15)) (justify mirror))
    )
    (fp_text value 100n (at 0 -1.65 90) (layer B.Fab)
      (effects (font (size 1 1) (thickness 0.15)) (justify mirror))
    )
    (fp_line (start -1 -0.6) (end -1 0.6) (layer B.Fab) (width 0.1))
    (fp_line (start -1 0.6) (end 1 0.6) (layer B.Fab) (width 0.1))
    (fp_line (start 1 0.6) (end 1 -0.6) (layer B.Fab) (width 0.1))
    (fp_line (start 1 -0.6) (end -1 -0.6) (layer B.Fab) (width 0.1))
    (fp_line (start -0.261252 0.71) (end 0.261252 0.71) (layer B.SilkS) (width 0.12))
    (fp_line (start -0.261252 -0.71) (end 0.261252 -0.71) (layer B.SilkS) (width 0.12))
    (fp_line (start -1.85 -0.95) (end -1.85 0.95) (layer B.CrtYd) (width 0.05))
    (fp_line (start -1.85 0.95) (end 1.85 0.95) (layer B.CrtYd) (width 0.05))
    (fp_line (start 1.85 0.95) (end 1.85 -0.95) (layer B.CrtYd) (width 0.05))
    (fp_line (start 1.85 -0.95) (end -1.85 -0.95) (layer B.CrtYd) (width 0.05))
    (fp_text user %R (at 0 0 90) (layer B.Fab)
      (effects (font (size 0.5 0.5) (thickness 0.08)) (justify mirror))
    )
    (pad 1 smd roundrect (at -1.025 0 90) (size 1.15 1.4) (layers B.Cu B.Paste B.Mask) (roundrect_rratio 0.217391)
      (net 121 /KicadJE_ATMega32A_DAC/1_out))
    (pad 2 smd roundrect (at 1.025 0 90) (size 1.15 1.4) (layers B.Cu B.Paste B.Mask) (roundrect_rratio 0.217391)
      (net 13 "Net-(C206-Pad2)"))
    (model ${KISYS3DMOD}/Capacitor_SMD.3dshapes/C_0805_2012Metric.wrl
      (at (xyz 0 0 0))
      (scale (xyz 1 1 1))
      (rotate (xyz 0 0 0))
    )
  )

  (module Capacitor_SMD:C_1206_3216Metric_Pad1.42x1.75mm_HandSolder (layer B.Cu) (tedit 5B301BBE) (tstamp 5CE47124)
    (at 138.2 121.2)
    (descr "Capacitor SMD 1206 (3216 Metric), square (rectangular) end terminal, IPC_7351 nominal with elongated pad for handsoldering. (Body size source: http://www.tortai-tech.com/upload/download/2011102023233369053.pdf), generated with kicad-footprint-generator")
    (tags "capacitor handsolder")
    (path /5CE3E7A9/5D4DCC28)
    (attr smd)
    (fp_text reference C207 (at 0 1.82) (layer B.SilkS)
      (effects (font (size 1 1) (thickness 0.15)) (justify mirror))
    )
    (fp_text value 1u (at 0 -1.82) (layer B.Fab)
      (effects (font (size 1 1) (thickness 0.15)) (justify mirror))
    )
    (fp_line (start -1.6 -0.8) (end -1.6 0.8) (layer B.Fab) (width 0.1))
    (fp_line (start -1.6 0.8) (end 1.6 0.8) (layer B.Fab) (width 0.1))
    (fp_line (start 1.6 0.8) (end 1.6 -0.8) (layer B.Fab) (width 0.1))
    (fp_line (start 1.6 -0.8) (end -1.6 -0.8) (layer B.Fab) (width 0.1))
    (fp_line (start -0.602064 0.91) (end 0.602064 0.91) (layer B.SilkS) (width 0.12))
    (fp_line (start -0.602064 -0.91) (end 0.602064 -0.91) (layer B.SilkS) (width 0.12))
    (fp_line (start -2.45 -1.12) (end -2.45 1.12) (layer B.CrtYd) (width 0.05))
    (fp_line (start -2.45 1.12) (end 2.45 1.12) (layer B.CrtYd) (width 0.05))
    (fp_line (start 2.45 1.12) (end 2.45 -1.12) (layer B.CrtYd) (width 0.05))
    (fp_line (start 2.45 -1.12) (end -2.45 -1.12) (layer B.CrtYd) (width 0.05))
    (fp_text user %R (at 0 0) (layer B.Fab)
      (effects (font (size 0.8 0.8) (thickness 0.12)) (justify mirror))
    )
    (pad 1 smd roundrect (at -1.4875 0) (size 1.425 1.75) (layers B.Cu B.Paste B.Mask) (roundrect_rratio 0.175439)
      (net 14 "Net-(C207-Pad1)"))
    (pad 2 smd roundrect (at 1.4875 0) (size 1.425 1.75) (layers B.Cu B.Paste B.Mask) (roundrect_rratio 0.175439)
      (net 15 DACA))
    (model ${KISYS3DMOD}/Capacitor_SMD.3dshapes/C_1206_3216Metric.wrl
      (at (xyz 0 0 0))
      (scale (xyz 1 1 1))
      (rotate (xyz 0 0 0))
    )
  )

  (module Capacitor_SMD:C_0805_2012Metric_Pad1.15x1.40mm_HandSolder (layer B.Cu) (tedit 5B36C52B) (tstamp 5CE47135)
    (at 135.2 130.575 270)
    (descr "Capacitor SMD 0805 (2012 Metric), square (rectangular) end terminal, IPC_7351 nominal with elongated pad for handsoldering. (Body size source: https://docs.google.com/spreadsheets/d/1BsfQQcO9C6DZCsRaXUlFlo91Tg2WpOkGARC1WS5S8t0/edit?usp=sharing), generated with kicad-footprint-generator")
    (tags "capacitor handsolder")
    (path /5CE3E7A9/5D4DCC45)
    (attr smd)
    (fp_text reference C208 (at 0 1.65 270) (layer B.SilkS)
      (effects (font (size 1 1) (thickness 0.15)) (justify mirror))
    )
    (fp_text value 100n (at 0 -1.65 270) (layer B.Fab)
      (effects (font (size 1 1) (thickness 0.15)) (justify mirror))
    )
    (fp_text user %R (at 0 0 270) (layer B.Fab)
      (effects (font (size 0.5 0.5) (thickness 0.08)) (justify mirror))
    )
    (fp_line (start 1.85 -0.95) (end -1.85 -0.95) (layer B.CrtYd) (width 0.05))
    (fp_line (start 1.85 0.95) (end 1.85 -0.95) (layer B.CrtYd) (width 0.05))
    (fp_line (start -1.85 0.95) (end 1.85 0.95) (layer B.CrtYd) (width 0.05))
    (fp_line (start -1.85 -0.95) (end -1.85 0.95) (layer B.CrtYd) (width 0.05))
    (fp_line (start -0.261252 -0.71) (end 0.261252 -0.71) (layer B.SilkS) (width 0.12))
    (fp_line (start -0.261252 0.71) (end 0.261252 0.71) (layer B.SilkS) (width 0.12))
    (fp_line (start 1 -0.6) (end -1 -0.6) (layer B.Fab) (width 0.1))
    (fp_line (start 1 0.6) (end 1 -0.6) (layer B.Fab) (width 0.1))
    (fp_line (start -1 0.6) (end 1 0.6) (layer B.Fab) (width 0.1))
    (fp_line (start -1 -0.6) (end -1 0.6) (layer B.Fab) (width 0.1))
    (pad 2 smd roundrect (at 1.025 0 270) (size 1.15 1.4) (layers B.Cu B.Paste B.Mask) (roundrect_rratio 0.217391)
      (net 2 GND))
    (pad 1 smd roundrect (at -1.025 0 270) (size 1.15 1.4) (layers B.Cu B.Paste B.Mask) (roundrect_rratio 0.217391)
      (net 13 "Net-(C206-Pad2)"))
    (model ${KISYS3DMOD}/Capacitor_SMD.3dshapes/C_0805_2012Metric.wrl
      (at (xyz 0 0 0))
      (scale (xyz 1 1 1))
      (rotate (xyz 0 0 0))
    )
  )

  (module Capacitor_SMD:C_0805_2012Metric_Pad1.15x1.40mm_HandSolder (layer B.Cu) (tedit 5B36C52B) (tstamp 5CE47146)
    (at 144.4 139.775 90)
    (descr "Capacitor SMD 0805 (2012 Metric), square (rectangular) end terminal, IPC_7351 nominal with elongated pad for handsoldering. (Body size source: https://docs.google.com/spreadsheets/d/1BsfQQcO9C6DZCsRaXUlFlo91Tg2WpOkGARC1WS5S8t0/edit?usp=sharing), generated with kicad-footprint-generator")
    (tags "capacitor handsolder")
    (path /5CE3E7A9/5D00DFFD)
    (attr smd)
    (fp_text reference C209 (at 3.775 0.6 90) (layer B.SilkS)
      (effects (font (size 1 1) (thickness 0.15)) (justify mirror))
    )
    (fp_text value 100n (at 3.575 0 90) (layer B.Fab)
      (effects (font (size 1 1) (thickness 0.15)) (justify mirror))
    )
    (fp_line (start -1 -0.6) (end -1 0.6) (layer B.Fab) (width 0.1))
    (fp_line (start -1 0.6) (end 1 0.6) (layer B.Fab) (width 0.1))
    (fp_line (start 1 0.6) (end 1 -0.6) (layer B.Fab) (width 0.1))
    (fp_line (start 1 -0.6) (end -1 -0.6) (layer B.Fab) (width 0.1))
    (fp_line (start -0.261252 0.71) (end 0.261252 0.71) (layer B.SilkS) (width 0.12))
    (fp_line (start -0.261252 -0.71) (end 0.261252 -0.71) (layer B.SilkS) (width 0.12))
    (fp_line (start -1.85 -0.95) (end -1.85 0.95) (layer B.CrtYd) (width 0.05))
    (fp_line (start -1.85 0.95) (end 1.85 0.95) (layer B.CrtYd) (width 0.05))
    (fp_line (start 1.85 0.95) (end 1.85 -0.95) (layer B.CrtYd) (width 0.05))
    (fp_line (start 1.85 -0.95) (end -1.85 -0.95) (layer B.CrtYd) (width 0.05))
    (fp_text user %R (at 0 0 90) (layer B.Fab)
      (effects (font (size 0.5 0.5) (thickness 0.08)) (justify mirror))
    )
    (pad 1 smd roundrect (at -1.025 0 90) (size 1.15 1.4) (layers B.Cu B.Paste B.Mask) (roundrect_rratio 0.217391)
      (net 122 /KicadJE_ATMega32A_DAC/2_out))
    (pad 2 smd roundrect (at 1.025 0 90) (size 1.15 1.4) (layers B.Cu B.Paste B.Mask) (roundrect_rratio 0.217391)
      (net 16 "Net-(C209-Pad2)"))
    (model ${KISYS3DMOD}/Capacitor_SMD.3dshapes/C_0805_2012Metric.wrl
      (at (xyz 0 0 0))
      (scale (xyz 1 1 1))
      (rotate (xyz 0 0 0))
    )
  )

  (module Capacitor_SMD:C_1206_3216Metric_Pad1.42x1.75mm_HandSolder (layer B.Cu) (tedit 5B301BBE) (tstamp 5CE47157)
    (at 145 112 180)
    (descr "Capacitor SMD 1206 (3216 Metric), square (rectangular) end terminal, IPC_7351 nominal with elongated pad for handsoldering. (Body size source: http://www.tortai-tech.com/upload/download/2011102023233369053.pdf), generated with kicad-footprint-generator")
    (tags "capacitor handsolder")
    (path /5CE3E7A9/5CFFCC0B)
    (attr smd)
    (fp_text reference C210 (at 0 1.82 180) (layer B.SilkS)
      (effects (font (size 1 1) (thickness 0.15)) (justify mirror))
    )
    (fp_text value 1u (at 0 -1.82 180) (layer B.Fab)
      (effects (font (size 1 1) (thickness 0.15)) (justify mirror))
    )
    (fp_text user %R (at 0 0 180) (layer B.Fab)
      (effects (font (size 0.8 0.8) (thickness 0.12)) (justify mirror))
    )
    (fp_line (start 2.45 -1.12) (end -2.45 -1.12) (layer B.CrtYd) (width 0.05))
    (fp_line (start 2.45 1.12) (end 2.45 -1.12) (layer B.CrtYd) (width 0.05))
    (fp_line (start -2.45 1.12) (end 2.45 1.12) (layer B.CrtYd) (width 0.05))
    (fp_line (start -2.45 -1.12) (end -2.45 1.12) (layer B.CrtYd) (width 0.05))
    (fp_line (start -0.602064 -0.91) (end 0.602064 -0.91) (layer B.SilkS) (width 0.12))
    (fp_line (start -0.602064 0.91) (end 0.602064 0.91) (layer B.SilkS) (width 0.12))
    (fp_line (start 1.6 -0.8) (end -1.6 -0.8) (layer B.Fab) (width 0.1))
    (fp_line (start 1.6 0.8) (end 1.6 -0.8) (layer B.Fab) (width 0.1))
    (fp_line (start -1.6 0.8) (end 1.6 0.8) (layer B.Fab) (width 0.1))
    (fp_line (start -1.6 -0.8) (end -1.6 0.8) (layer B.Fab) (width 0.1))
    (pad 2 smd roundrect (at 1.4875 0 180) (size 1.425 1.75) (layers B.Cu B.Paste B.Mask) (roundrect_rratio 0.175439)
      (net 17 DACB))
    (pad 1 smd roundrect (at -1.4875 0 180) (size 1.425 1.75) (layers B.Cu B.Paste B.Mask) (roundrect_rratio 0.175439)
      (net 6 "Net-(C210-Pad1)"))
    (model ${KISYS3DMOD}/Capacitor_SMD.3dshapes/C_1206_3216Metric.wrl
      (at (xyz 0 0 0))
      (scale (xyz 1 1 1))
      (rotate (xyz 0 0 0))
    )
  )

  (module Capacitor_SMD:C_0805_2012Metric_Pad1.15x1.40mm_HandSolder (layer B.Cu) (tedit 5B36C52B) (tstamp 5CE47168)
    (at 143.2 130.575 270)
    (descr "Capacitor SMD 0805 (2012 Metric), square (rectangular) end terminal, IPC_7351 nominal with elongated pad for handsoldering. (Body size source: https://docs.google.com/spreadsheets/d/1BsfQQcO9C6DZCsRaXUlFlo91Tg2WpOkGARC1WS5S8t0/edit?usp=sharing), generated with kicad-footprint-generator")
    (tags "capacitor handsolder")
    (path /5CE3E7A9/5D17BA4D)
    (attr smd)
    (fp_text reference C211 (at 0 -1.8 270) (layer B.SilkS)
      (effects (font (size 1 1) (thickness 0.15)) (justify mirror))
    )
    (fp_text value 100n (at 0 -1.65 270) (layer B.Fab)
      (effects (font (size 1 1) (thickness 0.15)) (justify mirror))
    )
    (fp_text user %R (at 0 0 270) (layer B.Fab)
      (effects (font (size 0.5 0.5) (thickness 0.08)) (justify mirror))
    )
    (fp_line (start 1.85 -0.95) (end -1.85 -0.95) (layer B.CrtYd) (width 0.05))
    (fp_line (start 1.85 0.95) (end 1.85 -0.95) (layer B.CrtYd) (width 0.05))
    (fp_line (start -1.85 0.95) (end 1.85 0.95) (layer B.CrtYd) (width 0.05))
    (fp_line (start -1.85 -0.95) (end -1.85 0.95) (layer B.CrtYd) (width 0.05))
    (fp_line (start -0.261252 -0.71) (end 0.261252 -0.71) (layer B.SilkS) (width 0.12))
    (fp_line (start -0.261252 0.71) (end 0.261252 0.71) (layer B.SilkS) (width 0.12))
    (fp_line (start 1 -0.6) (end -1 -0.6) (layer B.Fab) (width 0.1))
    (fp_line (start 1 0.6) (end 1 -0.6) (layer B.Fab) (width 0.1))
    (fp_line (start -1 0.6) (end 1 0.6) (layer B.Fab) (width 0.1))
    (fp_line (start -1 -0.6) (end -1 0.6) (layer B.Fab) (width 0.1))
    (pad 2 smd roundrect (at 1.025 0 270) (size 1.15 1.4) (layers B.Cu B.Paste B.Mask) (roundrect_rratio 0.217391)
      (net 2 GND))
    (pad 1 smd roundrect (at -1.025 0 270) (size 1.15 1.4) (layers B.Cu B.Paste B.Mask) (roundrect_rratio 0.217391)
      (net 16 "Net-(C209-Pad2)"))
    (model ${KISYS3DMOD}/Capacitor_SMD.3dshapes/C_0805_2012Metric.wrl
      (at (xyz 0 0 0))
      (scale (xyz 1 1 1))
      (rotate (xyz 0 0 0))
    )
  )

  (module Capacitor_SMD:C_0805_2012Metric_Pad1.15x1.40mm_HandSolder (layer B.Cu) (tedit 5B36C52B) (tstamp 5CE47179)
    (at 117.6 98.4 90)
    (descr "Capacitor SMD 0805 (2012 Metric), square (rectangular) end terminal, IPC_7351 nominal with elongated pad for handsoldering. (Body size source: https://docs.google.com/spreadsheets/d/1BsfQQcO9C6DZCsRaXUlFlo91Tg2WpOkGARC1WS5S8t0/edit?usp=sharing), generated with kicad-footprint-generator")
    (tags "capacitor handsolder")
    (path /5CE3E7A9/5CE2C7A6)
    (attr smd)
    (fp_text reference C212 (at 0 1.65 90) (layer B.SilkS)
      (effects (font (size 1 1) (thickness 0.15)) (justify mirror))
    )
    (fp_text value 100n (at 0 -1.65 90) (layer B.Fab)
      (effects (font (size 1 1) (thickness 0.15)) (justify mirror))
    )
    (fp_text user %R (at 0 0 90) (layer B.Fab)
      (effects (font (size 0.5 0.5) (thickness 0.08)) (justify mirror))
    )
    (fp_line (start 1.85 -0.95) (end -1.85 -0.95) (layer B.CrtYd) (width 0.05))
    (fp_line (start 1.85 0.95) (end 1.85 -0.95) (layer B.CrtYd) (width 0.05))
    (fp_line (start -1.85 0.95) (end 1.85 0.95) (layer B.CrtYd) (width 0.05))
    (fp_line (start -1.85 -0.95) (end -1.85 0.95) (layer B.CrtYd) (width 0.05))
    (fp_line (start -0.261252 -0.71) (end 0.261252 -0.71) (layer B.SilkS) (width 0.12))
    (fp_line (start -0.261252 0.71) (end 0.261252 0.71) (layer B.SilkS) (width 0.12))
